# GfsView 3D
View {
  tx = -0.192893 ty = -0.0962427
  sx = 1 sy = 1 sz = 1
  q0 = 0.618864 q1 = -0.08861 q2 = -0.386315 q3 = 0.678171
  fov = 9.00967
  r = 0.3 g = 0.4 b = 0.6
  res = 1
  lc = 0.001
  reactivity = 0.1
}
VOF {
  r = 1 g = 1 b = 1
  shading = Constant
  maxlevel = -1
  font_size = 1
  raster_font = 1
} {
  n.x = 0 n.y = 0 n.z = 1
  pos = 0
} z {
  amin = 1
  amax = 1
  cmap = Jet
} T {
  reversed = 0
  use_scalar = 0
  draw_edges = 0
  interpolate = 1
}
