# GfsView 3D
View {
  tx = -0.268399 ty = 0.141883
  sx = 1 sy = 1 sz = 1
  q0 = -0.280401 q1 = 0.348682 q2 = 0.126751 q3 = 0.885286
  fov = 10.4626
  r = 0.3 g = 0.4 b = 0.6
  res = 1
  lc = 0.001
  reactivity = 0.1
}
VOF {
  r = 1 g = 1 b = 1
  shading = Constant
  maxlevel = -1
} {
  n.x = 0 n.y = 0 n.z = 1
  pos = 0
} P {
  amin = 1
  amax = 1
  cmap = Jet
} T {
  reversed = 0
  use_scalar = 0
  draw_edges = 0
  interpolate = 0
}
